1.0000000000000000 1.0130987450978226 -10.6952471989424023
2.0000000000000000 1.0125196503866034 -10.7669286578752317
3.0000000000000000 1.0085911791439945 -11.9934468298762802
4.0000000000000000 1.0064325443597724 -12.2431138615650799
5.0000000000000000 1.0194790580555251 -1.3094644511929572
6.0000000000000000 1.0194314872489987 -1.3155061626698430
7.0000000000000000 1.0348100768341051 -6.8696206893385163
8.0000000000000000 1.0295663262361476 -8.6511104069481473
9.0000000000000000 1.0400000000000005 -4.0732148575189164
10.0000000000000000 1.0280409790262706 -13.7470432053900300
11.0000000000000000 1.0280046876130031 -13.7510953047210034
12.0000000000000000 1.0095717667487765 -14.4478994288631348
13.0000000000000000 1.0090339422384411 -14.5099289174981720
14.0000000000000000 1.0321085943806292 -3.3990585710919810
15.0000000000000000 1.0246985314997878 -6.0073637646550990
16.0000000000000000 1.0400000000000003 -0.5579706761339646
17.0000000000000000 1.0400000000000000 0.0000000000000000
18.0000000000000000 1.0400000000000003 0.8946150935994457
19.0000000000000000 1.0205282221206009 -14.2054362566003984
20.0000000000000000 1.0204580616129793 -14.2147825704440578
21.0000000000000000 1.0110778562108087 -12.2624857745874465
22.0000000000000000 1.0089556341239121 -12.5144986372438094
23.0000000000000000 1.0309070531917421 -7.8831387819250827
24.0000000000000000 1.0167315293358519 -10.7459086307046761
25.0000000000000000 1.0166960061129067 -10.7502875078437192
26.0000000000000000 1.0163992064427259 -10.7888863552878576
27.0000000000000000 1.0215794200843498 -16.3885029565705942
28.0000000000000000 1.0205014852775869 -16.5192300055474171
29.0000000000000000 1.0109774724203384 -14.5001621869379367
30.0000000000000000 1.0094917046290020 -14.6760394393127189
31.0000000000000000 1.0348163194268014 -16.9519353340616910
32.0000000000000000 1.0346711512269187 -16.9689748758947090
33.0000000000000000 1.0118750787352397 -15.1242128228861450
34.0000000000000000 1.0115040079979580 -15.1678419955648103
35.0000000000000000 1.0200265580481651 -15.7879175024237686
36.0000000000000000 1.0194343226010463 -15.8565782387235057
37.0000000000000000 1.0241079014278665 -0.9300559943872648
38.0000000000000000 1.0241060884213502 -0.9303185520939042
39.0000000000000000 1.0331548946255984 -7.7581810790205932
40.0000000000000000 1.0267816792709494 -8.9565718262540894
41.0000000000000000 1.0258315590954350 -9.0750139037034696
42.0000000000000000 1.0273250846675634 -13.5389226453898619
43.0000000000000000 1.0272654139760198 -13.5461248293549534
44.0000000000000000 1.0193503077795625 -9.7105978354694322
45.0000000000000000 1.0193170853163285 -9.7147469552592849
46.0000000000000000 1.0082190667689419 -13.0880316958584739
47.0000000000000000 1.0075617299328314 -13.1686682479113024
48.0000000000000000 1.0217635760875077 -17.6177868176973078
49.0000000000000000 1.0400000000000000 -17.4709836347556298
50.0000000000000000 1.0400000000000000 -17.4327725848944155
51.0000000000000000 1.0217580876337806 -17.6184596510583837
52.0000000000000000 1.0214171718026810 -17.6585775311409776
53.0000000000000000 1.0180430314365119 -13.1710401510258492
54.0000000000000000 1.0175307581500477 -13.2264852441719789
55.0000000000000000 1.0260406291690021 -13.1075532977204094
56.0000000000000000 1.0260072133519786 -13.1113973626765095
57.0000000000000000 1.0171532073819380 -9.5897479228629425
58.0000000000000000 1.0105656484002334 -12.3668891114530766
59.0000000000000000 1.0082516163401709 -12.6587593449212221
60.0000000000000000 1.0233892364364758 -9.5130419127826542
61.0000000000000000 1.0233864837893232 -9.5134123605600642
62.0000000000000000 1.0127577723416235 -11.8374258384255651
63.0000000000000000 1.0127577723416235 -11.8374258384255651
64.0000000000000000 1.0122302621459769 -11.8976434950959327
65.0000000000000000 1.0309099139476117 -10.5967517010580057
66.0000000000000000 1.0281675713907275 -12.2778123446705862
67.0000000000000000 1.0280983197399556 -12.2856957565778462
68.0000000000000000 1.0166434268653184 -13.4369807411647244
69.0000000000000000 1.0163537884700358 -13.4729030949712580
70.0000000000000000 1.0257796000313402 -14.8184895404845882
71.0000000000000000 1.0400000000000000 -14.7406620283536487
72.0000000000000000 1.0400000000000005 -14.6788982088633926
73.0000000000000000 1.0400000000000000 -14.6496990930407609
74.0000000000000000 1.0273073595851618 -16.7904752650213283
75.0000000000000000 1.0272313831392619 -16.7996364774653770
76.0000000000000000 1.0225950577182197 -0.0604430444535130
77.0000000000000000 1.0224878529237240 -0.0723558029558594
78.0000000000000000 1.0183504563142884 -8.4131568867231792
79.0000000000000000 1.0183449152962261 -8.4138109445449683
80.0000000000000000 1.0346459617744774 -10.1334807207714341
81.0000000000000000 1.0295992122533684 -12.7024179060491296
82.0000000000000000 1.0400000000000000 -4.1309851392466710
83.0000000000000000 1.0124698997883788 -15.5135372062102217
84.0000000000000000 1.0114884543016358 -15.6332663791967210
85.0000000000000000 1.0283645227315839 -15.7732892219152045
86.0000000000000000 1.0280748094023486 -15.8088191644365210
87.0000000000000000 1.0115437742681888 0.6711545604414415
88.0000000000000000 1.0114620222149266 0.6611501244859589
89.0000000000000000 1.0216386730307476 -11.0627883606034612
90.0000000000000000 1.0215472687083467 -11.0748265813242295
91.0000000000000000 1.0150738913754918 -7.5479754334973013
92.0000000000000000 1.0140861795826479 -7.6733767422332235
93.0000000000000000 1.0215967022666768 -6.3834936603830768
94.0000000000000000 1.0215247076240463 -6.3924696981944065
95.0000000000000000 1.0153992746026954 -7.5157602963995238
96.0000000000000000 1.0149194265890595 -7.5744130761173638
97.0000000000000000 1.0219363541383026 -17.9851857452208854
98.0000000000000000 1.0213427959814136 -18.0632527817639854
99.0000000000000000 1.0260369652075685 -9.1015976152588163
100.0000000000000000 1.0258245955321081 -9.1269743692747305
101.0000000000000000 1.0260231964517823 -9.1031018817156486
102.0000000000000000 1.0172945687410244 -16.4858848521187369
103.0000000000000000 1.0166648697329965 -16.5656345241234568
104.0000000000000000 1.0209488944093930 -17.3499168748186392
105.0000000000000000 1.0196268041119436 -17.5078276510457016
106.0000000000000000 1.0226016918283909 -14.6867919787906445
107.0000000000000000 1.0223776376987861 -14.7135757736297865
108.0000000000000000 1.0189329271845191 -10.0311160271893467
109.0000000000000000 1.0182494778338698 -10.1055934654734880
110.0000000000000000 1.0318956961119734 -4.9095067636467702
111.0000000000000000 1.0309776471780439 -5.0291854570640542
112.0000000000000000 1.0163501377690760 -13.6800330321292929
113.0000000000000000 1.0156811729999931 -13.7552668497561523
114.0000000000000000 1.0216437701492389 -16.1923219833466483
115.0000000000000000 1.0215742927183049 -16.2012804446748540
116.0000000000000000 1.0216007286370592 -16.1978966607091728
117.0000000000000000 1.0239882350532661 -13.8622122905589134
118.0000000000000000 1.0238447404457145 -13.8799781009319325
119.0000000000000000 0.9993157367244303 -15.2770904252029052
120.0000000000000000 0.9988806710281841 -15.3299693349055630
121.0000000000000000 1.0147673274223652 -13.8880975726340878
122.0000000000000000 1.0139336180487093 -13.9979801439199907
123.0000000000000000 1.0322370795965901 -3.7430904648460883
124.0000000000000000 1.0300349329908047 -4.4419193732709710
125.0000000000000000 1.0322370795965901 -3.7430904648460883
126.0000000000000000 1.0322370795965901 -3.7430904648460883
127.0000000000000000 1.0400000000000000 0.3994292711705141
128.0000000000000000 1.0400000000000003 -2.3769141135537057
129.0000000000000000 0.9977160486187702 -15.7796337844565375
130.0000000000000000 0.9960974363839438 -15.9602691689728431
131.0000000000000000 1.0240295607830774 -9.3849302940237393
132.0000000000000000 1.0236262089338111 -9.4322523384062489
133.0000000000000000 1.0161804360844149 -7.4749665583783678
134.0000000000000000 1.0156182669017648 -7.5447142721681537
135.0000000000000000 1.0191465115705791 -11.2618799442816240
136.0000000000000000 1.0187453690154706 -11.3137657668380793
137.0000000000000000 1.0193944988651209 -13.9427596792879491
138.0000000000000000 1.0181798977067951 -14.1009046176909436
139.0000000000000000 1.0199632822652605 -10.0435280966063090
140.0000000000000000 1.0199595689517560 -10.0439606122257352
141.0000000000000000 1.0147816633401570 -2.5487704300219134
142.0000000000000000 1.0122213043394868 -2.8397978517286546
143.0000000000000000 1.0234724961866690 6.3701397310939196
144.0000000000000000 1.0400000000000000 18.8506522316650660
145.0000000000000000 1.0400000000000003 9.0656473638971278
146.0000000000000000 1.0299097637784345 -7.8167317128533842
147.0000000000000000 1.0200717654385727 -8.4840171009002781
148.0000000000000000 1.0191443098058153 -8.6035407250140477
149.0000000000000000 1.0261867133907103 -13.6324246138657497
150.0000000000000000 1.0261623767769121 -13.6352906700643040
151.0000000000000000 1.0318502278635449 -7.9872462264534212
152.0000000000000000 1.0312034896197977 -10.3680682769181196
153.0000000000000000 1.0299710377850237 -10.5173578591731527
154.0000000000000000 1.0142949810503243 -10.9075601149772883
155.0000000000000000 1.0134132782101419 -11.0142232681959413
156.0000000000000000 0.9937107037552100 -14.5148999447478975
157.0000000000000000 0.9920550020655138 -14.7244921725898124
158.0000000000000000 1.0123541795035713 -13.4508529309617906
159.0000000000000000 1.0119850579741778 -13.4982996644806477
160.0000000000000000 1.0217033431886156 -14.9470062958018648
161.0000000000000000 1.0213199521193279 -14.9957328452294156
162.0000000000000000 1.0301698304497513 -7.7792464853507814
163.0000000000000000 1.0262784409896790 -8.5573397518079588
164.0000000000000000 1.0246309844861266 -8.7612910188974098
165.0000000000000000 1.0323451401176358 -3.3904621703979672
166.0000000000000000 1.0271661564213312 -4.9494803528881146
167.0000000000000000 1.0400000000000000 -1.1715368211673132
168.0000000000000000 1.0400000000000000 0.2726584105539404
169.0000000000000000 1.0400000000000000 1.8918066667452100
170.0000000000000000 1.0149280613317513 -7.6528998381508870
171.0000000000000000 1.0147426450195083 -7.6779508860813017
172.0000000000000000 1.0157611338824146 -12.7011425883834761
173.0000000000000000 1.0157143443808436 -12.7062926841896608
174.0000000000000000 1.0156606476038910 -12.7128286839761859
175.0000000000000000 1.0364953507359043 -3.5192284556145674
176.0000000000000000 1.0277680668249936 -2.7105783577427252
177.0000000000000000 1.0276373437442134 -2.7272515438337863
178.0000000000000000 1.0276668287540922 -2.7215619943372493
179.0000000000000000 1.0060306031457649 -14.6706901165617438
180.0000000000000000 1.0058091764667911 -14.6956462524933613
181.0000000000000000 1.0280663623758013 -17.7837920386056361
182.0000000000000000 1.0267576309952637 -17.9428277428844893
183.0000000000000000 1.0290667131567999 -6.6370043623458779
184.0000000000000000 1.0286719591811742 -6.6837787562270830
185.0000000000000000 1.0133217360242204 -9.2146491779491129
186.0000000000000000 1.0127031949103091 -9.2884878766963244
187.0000000000000000 1.0206261589631145 -11.4451743812639517
188.0000000000000000 1.0204626409027597 -11.4632050349852683
189.0000000000000000 1.0301427569430650 -17.0746968575494336
190.0000000000000000 1.0299388297723260 -17.0961699762612191
191.0000000000000000 1.0222952528068092 -15.6684039967652193
192.0000000000000000 1.0220237535081707 -15.7006952124774415
193.0000000000000000 1.0175251238588152 -14.1625189268846601
194.0000000000000000 1.0170422968201549 -14.2199633007640109
195.0000000000000000 1.0300883439798119 -7.8058627180911371
196.0000000000000000 1.0209338235804704 -10.0521698085445514
197.0000000000000000 1.0400000000000000 -2.9419161774799520
198.0000000000000000 1.0400000000000000 -5.3925203375987358
199.0000000000000000 1.0195947884652035 -10.2008708743836873
200.0000000000000000 1.0217360571905765 -9.3130401563121890
201.0000000000000000 1.0216026951007726 -9.3276362690962493
202.0000000000000000 1.0119797301389231 -12.2022807481723650
203.0000000000000000 1.0119051763585218 -12.2113244088910076
204.0000000000000000 1.0112601706316990 -12.2979487877024063
205.0000000000000000 1.0241802869762204 -16.5849891247777173
206.0000000000000000 1.0241403481297746 -16.5897256509033753
207.0000000000000000 1.0238184805899788 -16.6284717733590526
208.0000000000000000 1.0170165903159181 -16.2982372437683338
209.0000000000000000 1.0158247531369451 -16.4554768447455046
210.0000000000000000 1.0074528862348704 -12.1164083667158682
211.0000000000000000 1.0068775641509551 -12.1861514267421160
212.0000000000000000 1.0218334208592699 -14.7654605274783730
213.0000000000000000 1.0202888455653494 -14.9538990427240552
214.0000000000000000 1.0163631124077899 -14.7739043764910765
215.0000000000000000 1.0150311395438667 -14.9455741706260099
216.0000000000000000 1.0166854945166934 -15.1104554858267477
217.0000000000000000 1.0159063422987125 -15.2012061100368943
218.0000000000000000 1.0286025851706999 -15.5165051318685876
219.0000000000000000 1.0285975213212515 -15.5171303491996486
220.0000000000000000 1.0375126783156521 -3.8539796406461893
221.0000000000000000 1.0261195366877582 -7.1126292252540786
222.0000000000000000 1.0400000000000003 -3.7955083427520542
223.0000000000000000 1.0400000000000000 -3.5638015486116368
224.0000000000000000 1.0399999999999998 -0.5927166437320865
225.0000000000000000 1.0400000000000000 -2.1581664520355290
226.0000000000000000 1.0154046062835704 -7.6534527512824555
227.0000000000000000 1.0153211871598373 -7.6629969867799188
228.0000000000000000 1.0053163068461621 -10.0289052252238378
229.0000000000000000 1.0044816765820122 -10.1342239835563017
230.0000000000000000 1.0247769162301941 -12.7387432535467457
231.0000000000000000 1.0400000000000000 -12.4609354540434527
232.0000000000000000 1.0301714056932740 -8.6835169774838867
233.0000000000000000 1.0202746409563341 -11.9989042196489564
234.0000000000000000 1.0194130824692684 -12.1068504079701373
235.0000000000000000 1.0314333166439857 -12.5220875586032889
236.0000000000000000 1.0244373706780288 -13.7470063307414030
237.0000000000000000 1.0243954233011638 -13.7516863724806520
238.0000000000000000 1.0199025313125694 -11.7185213940414723
239.0000000000000000 1.0193340686057681 -11.7936149008534770
240.0000000000000000 1.0253411710500699 -16.4571586940709942
241.0000000000000000 1.0250325222829264 -16.4984724108420160
242.0000000000000000 1.0220780464482520 -15.8616396666251376
243.0000000000000000 1.0209125829903627 -16.0064110861594919
244.0000000000000000 1.0196950550181447 -12.9215706414770111
245.0000000000000000 1.0195278810652790 -12.9410862882745459
246.0000000000000000 1.0351473718060984 -7.5235091806879533
247.0000000000000000 1.0301843731722571 -6.8363644327590798
248.0000000000000000 1.0351473718060984 -7.5235091806879533
249.0000000000000000 1.0351473718060984 -7.5235091806879533
250.0000000000000000 1.0351473718060984 -7.5235091806879533
251.0000000000000000 0.9967500778319954 -14.6581913431265729
252.0000000000000000 0.9947226095130240 -14.9110359679514204
253.0000000000000000 1.0020318961265879 -14.6906163830685088
254.0000000000000000 1.0020318961265879 -14.6906163830685088
255.0000000000000000 1.0020318961265879 -14.6906163830685088
256.0000000000000000 1.0020318961265879 -14.6906163830685088
257.0000000000000000 1.0020318961265879 -14.6906163830685088
258.0000000000000000 1.0400000000000000 -14.6118862182783573
259.0000000000000000 1.0019008813259840 -14.7064726098677756
260.0000000000000000 1.0280018942253781 -4.7896724008834459
261.0000000000000000 1.0277367239684623 -4.8217143849690283
262.0000000000000000 1.0295520424226738 -8.9598223866046034
263.0000000000000000 1.0239592526195840 -13.1773714691576007
264.0000000000000000 1.0295520424226738 -8.9598223866046034
265.0000000000000000 1.0295520424226738 -8.9598223866046034
266.0000000000000000 1.0230639017512582 -13.2873127378068094
267.0000000000000000 1.0182341167025033 -18.1364594281714737
268.0000000000000000 1.0165492270790564 -18.3596066400958620
269.0000000000000000 1.0206646474981091 -7.2219518552339208
270.0000000000000000 1.0205558360481350 -7.2362557390470732
271.0000000000000000 1.0308333783847543 -12.7110810755898385
272.0000000000000000 1.0257301839479094 -14.4471302022979167
273.0000000000000000 1.0255790539975773 -14.4670084349240735
274.0000000000000000 1.0306547620842654 -5.7036696425826969
275.0000000000000000 1.0306547620842654 -5.7036696425826969
276.0000000000000000 1.0185511906451221 -13.6822708506722623
277.0000000000000000 1.0185450649463130 -13.6830675370424348
278.0000000000000000 1.0184629838329875 -13.6940905125195762
279.0000000000000000 1.0068775208768541 -11.1888711519896784
280.0000000000000000 1.0066227726380128 -11.2166097730331717
281.0000000000000000 1.0077824125987278 -16.1358172517442640
282.0000000000000000 1.0060211866989173 -16.3660600420279607
283.0000000000000000 1.0189636486540903 -14.2096751427866028
284.0000000000000000 1.0184150558027045 -14.2784648232343390
285.0000000000000000 1.0242794634879571 -14.4605262868309516
286.0000000000000000 1.0241554159123636 -14.4744771264887468
287.0000000000000000 1.0168763874673736 -12.4948826249688381
288.0000000000000000 1.0160017589141643 -12.6135647229068493
289.0000000000000000 1.0212617981356089 -6.4705862917218857
290.0000000000000000 1.0212056350516479 -6.4780115329326202
291.0000000000000000 1.0090883089914711 -14.1263377544877713
292.0000000000000000 1.0089795243220723 -14.1394849020787117
293.0000000000000000 1.0224485260445508 -14.8775928635698484
294.0000000000000000 1.0220668173111724 -14.9213557855045060
295.0000000000000000 1.0164117623104711 -12.0103052318592809
296.0000000000000000 1.0163007684777197 -12.0245260583646818
297.0000000000000000 1.0260179319255627 -10.3143550445299965
298.0000000000000000 1.0255919310419104 -11.7522293278975152
299.0000000000000000 1.0253775708326700 -11.7799353270219935
300.0000000000000000 1.0240960335156697 -4.7521581721958626
301.0000000000000000 1.0400000000000005 -4.6521007730879118
302.0000000000000000 1.0400000000000003 -4.6713600474161616
303.0000000000000000 1.0226383995553670 -4.9337005005259975
304.0000000000000000 1.0037187569202763 -15.5111733778412564
305.0000000000000000 1.0400000000000000 -15.2964290683935129
306.0000000000000000 1.0400000000000000 -15.2250785667147746
307.0000000000000000 1.0025994513868515 -15.6549570254040180
308.0000000000000000 1.0221057969792813 -14.4932490114847248
309.0000000000000000 1.0219533890121690 -14.5121670970053440
310.0000000000000000 1.0173410091330646 -17.1439063734732393
311.0000000000000000 1.0166614917255061 -17.2270036871386409
312.0000000000000000 1.0215977408035659 -16.5322839408312809
313.0000000000000000 1.0213902047008556 -16.5582728193659356
314.0000000000000000 1.0165572930101310 -12.9248431001776503
315.0000000000000000 1.0165516246498689 -12.9255597416959098
316.0000000000000000 1.0240881690278905 -2.8440005619041084
317.0000000000000000 1.0240338563631861 -2.8498725954064890
318.0000000000000000 1.0279308657798014 -3.7035003202602272
319.0000000000000000 1.0400000000000005 -1.9973224985376392
320.0000000000000000 1.0117206500548017 -16.0217685965459751
321.0000000000000000 1.0093364973439338 -16.3131177213661793
322.0000000000000000 1.0068869933744662 -14.1581026926457554
323.0000000000000000 1.0062171545847844 -14.2332054936081107
324.0000000000000000 0.9995354471040242 -15.3443383126374187
325.0000000000000000 0.9979456263333676 -15.5564247065550720
326.0000000000000000 1.0156282002015551 -14.8613248302323946
327.0000000000000000 1.0139233467227342 -15.0661588807405611
328.0000000000000000 1.0086104823155724 -12.7679461598418502
329.0000000000000000 1.0082584022320837 -12.8102584779423818
330.0000000000000000 1.0189108470673125 -10.0972973018662735
331.0000000000000000 1.0180070557577072 -10.2150870711702062
332.0000000000000000 1.0328594079844204 -7.6838530102693481
333.0000000000000000 1.0243272991945807 -9.2913700510579122
334.0000000000000000 1.0243200115219293 -9.2921956759625601
335.0000000000000000 1.0243145893528254 -9.2929046356985445
336.0000000000000000 1.0235977403914220 -4.9951807632744982
337.0000000000000000 1.0235089340116026 -5.0068216631932039
338.0000000000000000 1.0169886034286271 5.0757651549333618
339.0000000000000000 1.0158572902807794 4.9308161104308876
340.0000000000000000 1.0062509584056043 -11.7728552373270858
341.0000000000000000 1.0058546897343621 -11.8233398043913436
342.0000000000000000 1.0214743644164095 -14.5029210881742561
343.0000000000000000 1.0214364091958665 -14.5077097949069227
344.0000000000000000 1.0214361111939820 -14.5078894587999141
345.0000000000000000 1.0039504674626778 -14.8815179300591520
346.0000000000000000 1.0032822997773283 -14.9637270417636845
347.0000000000000000 0.9976860433159993 -15.2535624948475927
348.0000000000000000 0.9964595275524903 -15.4011839217147184
349.0000000000000000 1.0313971808158153 -13.3575606821346984
350.0000000000000000 1.0400000000000003 -12.8011821615629291
351.0000000000000000 1.0400000000000005 -13.1179553830749374
352.0000000000000000 1.0400000000000000 -12.8222029097883734
353.0000000000000000 1.0400000000000005 -10.5190517417091058
354.0000000000000000 1.0229019701906679 -9.1335654176813090
355.0000000000000000 1.0225717542681738 -9.1726907024610327
356.0000000000000000 1.0139840068235013 -16.9927810503770083
357.0000000000000000 1.0131764390365310 -17.0946589348244267
358.0000000000000000 1.0198373731372854 -17.6698455894869753
359.0000000000000000 1.0196076281684265 -17.6965950019654485
360.0000000000000000 1.0073489865884995 -12.6134695806979877
361.0000000000000000 1.0073489865884995 -12.6134695806979877
362.0000000000000000 1.0073489865884995 -12.6134695806979877
363.0000000000000000 1.0073489865884995 -12.6134695806979877
364.0000000000000000 1.0069064415911757 -12.6722958141555946
365.0000000000000000 1.0095717754891975 -14.1150503275747532
366.0000000000000000 1.0086820623017152 -14.2348990083161642
367.0000000000000000 1.0176304443175719 -7.7142787544562044
368.0000000000000000 1.0174758623578266 -7.7337700328925028
369.0000000000000000 1.0209840519979487 -6.5307057884881212
370.0000000000000000 1.0205002126208129 -6.5876999776675076
371.0000000000000000 1.0292288472533209 -8.5274820142233825
372.0000000000000000 1.0207720742005495 -12.0755797120921180
373.0000000000000000 1.0203677641669329 -12.1235876274810828
374.0000000000000000 1.0067737534507712 -14.5652302842745733
375.0000000000000000 1.0064530635052236 -14.6054604794971734
376.0000000000000000 1.0118413647918871 -11.2790133197180040
377.0000000000000000 1.0105881757498405 -11.4421564010263328
378.0000000000000000 1.0266369541965090 -4.0350470097755586
379.0000000000000000 1.0264333406573773 -4.0609543253052314
380.0000000000000000 1.0164948258060427 -10.1376328752130700
381.0000000000000000 1.0163466708676210 -10.1570095215270850
382.0000000000000000 1.0160577082184510 -16.9424566166788004
383.0000000000000000 1.0156165740848324 -16.9994727103373151
384.0000000000000000 1.0084672219794162 -14.7522635675643290
385.0000000000000000 1.0079551421752513 -14.8141145621058072
386.0000000000000000 1.0294906912515820 -4.6911345715744686
387.0000000000000000 1.0242572890787687 -6.4621390025340011
388.0000000000000000 1.0294906912515820 -4.6911345715744686
389.0000000000000000 1.0294906912515820 -4.6911345715744686
390.0000000000000000 1.0294906912515820 -4.6911345715744686
391.0000000000000000 1.0294906912515820 -4.6911345715744686
392.0000000000000000 1.0294906912515820 -4.6911345715744686
393.0000000000000000 1.0294906912515820 -4.6911345715744686
394.0000000000000000 1.0294906912515820 -4.6911345715744686
395.0000000000000000 1.0294906912515820 -4.6911345715744686
396.0000000000000000 1.0294906912515820 -4.6911345715744686
397.0000000000000000 1.0237126495331883 -6.5311865591870557
398.0000000000000000 1.0240082666431332 -6.4889033333057275
399.0000000000000000 1.0246300662003058 -14.7073061271702876
400.0000000000000000 1.0242359169274315 -14.7548454683230972
401.0000000000000000 1.0125750979902985 1.8776013382806946
402.0000000000000000 1.0112590266547004 1.7008326479110796
403.0000000000000000 1.0246187275027907 -14.0585676923014358
404.0000000000000000 1.0243213165341347 -14.0942030416435475
405.0000000000000000 1.0207383016990679 -5.3461650035322936
406.0000000000000000 1.0206595910769496 -5.3559688071643565
407.0000000000000000 1.0356232573406656 -11.0663836391041688
408.0000000000000000 1.0294657235409344 -13.1832368244657641
409.0000000000000000 1.0356232573406656 -11.0663836391041688
410.0000000000000000 1.0400000000000000 -9.3269514672387768
411.0000000000000000 1.0400000000000003 -10.0754397559717557
412.0000000000000000 1.0400000000000000 -9.9302170798779841
413.0000000000000000 1.0400000000000000 -9.7757849634917289
414.0000000000000000 1.0356232573406656 -11.0663836391041688
415.0000000000000000 1.0117132474697244 -13.4690368400479361
416.0000000000000000 1.0116200768603885 -13.4815630401025377
417.0000000000000000 1.0049357583205982 -13.9729337991149229
418.0000000000000000 1.0039287304177791 -14.0937637873674770
419.0000000000000000 1.0190940645681223 -17.0411881453663980
420.0000000000000000 1.0190138563408622 -17.0515843455523992
421.0000000000000000 1.0141414045470449 -10.5098783074697604
422.0000000000000000 1.0134338466808701 -10.5904452364249249
423.0000000000000000 1.0068574509947030 1.0397277515140242
424.0000000000000000 1.0041605030047165 0.7119346347827936
425.0000000000000000 1.0257348883269417 -10.6045722796679236
426.0000000000000000 1.0250085408907121 -12.9414068503327417
427.0000000000000000 1.0247995569831863 -12.9638123716911835
428.0000000000000000 1.0347011853118393 -7.5233241088789393
429.0000000000000000 1.0245386298378694 -9.3718505925042148
430.0000000000000000 1.0400000000000003 -7.4949239221552002
431.0000000000000000 1.0400000000000000 -7.4622328079603140
432.0000000000000000 1.0400000000000000 -7.5051624754400992
433.0000000000000000 1.0400000000000000 -7.2013252741326639
434.0000000000000000 1.0400000000000003 -7.4753687753828526
435.0000000000000000 1.0347011853118393 -7.5233241088789393
436.0000000000000000 1.0347011853118393 -7.5233241088789393
437.0000000000000000 1.0400000000000000 -5.5911209261491566
438.0000000000000000 1.0400000000000003 -5.0935573276645227
439.0000000000000000 1.0400000000000003 -6.0026077113412253
440.0000000000000000 1.0218837473234281 -8.9924242742612694
441.0000000000000000 1.0131344789489707 -13.1324105982088000
442.0000000000000000 1.0218837473234281 -8.9924242742612694
443.0000000000000000 1.0218837473234281 -8.9924242742612694
444.0000000000000000 1.0218837473234281 -8.9924242742612694
445.0000000000000000 1.0110274149259213 -10.6371412415194229
446.0000000000000000 1.0095873170395888 -10.8062713543649114
447.0000000000000000 1.0164738181943571 -10.3210352366226008
448.0000000000000000 1.0155633616418296 -10.4388541261333998
449.0000000000000000 1.0157449885640992 -10.5941885532650577
450.0000000000000000 1.0157294137291040 -10.5961717101056241
451.0000000000000000 1.0157150161746786 -10.5979353714572380
452.0000000000000000 1.0213189832567304 1.2020739679014871
453.0000000000000000 1.0318261583601396 -8.8173856868872882
454.0000000000000000 1.0164730052650974 -13.0741124032268914
455.0000000000000000 1.0399999999999998 -8.2477747283437886
456.0000000000000000 1.0400000000000000 -7.6306751795214005
457.0000000000000000 1.0267787406786670 -9.2488234695252647
458.0000000000000000 1.0400000000000003 -5.0219531157911641
459.0000000000000000 1.0161690204600515 4.5979552267467758
460.0000000000000000 1.0085403235305113 -11.6590135660426206
461.0000000000000000 1.0061847158985280 -10.6293086482384780
462.0000000000000000 1.0234290380190754 -9.9690744795854780
463.0000000000000000 1.0234290380190754 -9.9690744795854780
464.0000000000000000 1.0320158220271436 -7.7882838158911660
465.0000000000000000 1.0275215872358805 -8.9754417238891797
466.0000000000000000 1.0226156662569470 -9.6464440616895413
467.0000000000000000 1.0182921664796445 -7.8350842180244635
468.0000000000000000 1.0087806105026851 -10.5875347226248753
469.0000000000000000 0.9971861796537475 -14.2247582798370988
470.0000000000000000 1.0195180274195723 -7.4323017500834778
471.0000000000000000 1.0327194255035961 -7.4745791651227194
472.0000000000000000 1.0255683901237895 -9.0127460191019875
473.0000000000000000 1.0196266110258463 -6.9774164834627266
474.0000000000000000 0.9907576018287215 -14.5635523144291597
475.0000000000000000 1.0204531374480683 -7.8879652467013486
476.0000000000000000 1.0185897393194270 -13.3263881179861361
477.0000000000000000 1.0171261730122521 -11.5037436719615354
478.0000000000000000 1.0250881673123504 -6.5910321754601213
479.0000000000000000 1.0340983613259576 -7.4486975416177064
480.0000000000000000 1.0400000000000000 -5.5785653785656848
481.0000000000000000 1.0399999999999998 -6.1350471443613648
482.0000000000000000 1.0400000000000000 -6.6975145304146881
483.0000000000000000 1.0400000000000003 -6.1715451365243146
484.0000000000000000 1.0400000000000003 -6.6381395407749624
485.0000000000000000 1.0137182656487453 -13.9098438918616907
486.0000000000000000 1.0166092996984308 -13.0504413308521858
487.0000000000000000 1.0254302372429795 -16.3493093005303685
488.0000000000000000 0.9965748912697671 -13.8891398735858882
489.0000000000000000 1.0253276167795118 -13.7499004514251073
490.0000000000000000 1.0238450902980083 -14.6030435687218390
491.0000000000000000 1.0182345775585442 -14.9668992782599126
492.0000000000000000 1.0168595750489238 -5.9924881524247464
493.0000000000000000 1.0208843195861093 -8.6552938533331201
494.0000000000000000 1.0208843195861093 -8.6552938533331201
495.0000000000000000 1.0132908629055786 -10.9697225465933457
496.0000000000000000 1.0204524223251736 4.8524488409100925
497.0000000000000000 1.0400000000000000 6.9240054858691629
498.0000000000000000 1.0400000000000003 5.9584072851750705
499.0000000000000000 1.0053626057800991 -15.1961519839280310
500.0000000000000000 1.0238137166390266 -13.8786365364250788
