1 1.0125984802192853 -13.517127212984809
2 1.012019008099571 -13.588872518583395
3 1.0066320833298539 -15.488624204717928
4 1.0044689015016273 -15.739284103181971
5 1.019966099411611 -2.8747650586302105
6 1.0199186441044248 -2.8808079095149366
7 1.0339722849719222 -9.83743625928894
8 1.027289732924069 -12.069264068422765
9 1.04 -7.039172623246635
10 1.0278959660426201 -15.228361629257023
11 1.027859690018014 -15.232418428876782
12 1.0090521743721954 -15.287032264488767
13 1.0085140190580077 -15.349129659965662
14 1.0316654327193018 -3.824989320643925
15 1.024200028594445 -6.501493324195115
16 1.0400000000000003 -0.983346627009971
17 1.04 0.0
18 1.04 0.4698465202501326
19 1.0203144080304536 -16.156977526101038
20 1.0202441767586092 -16.166331146343456
21 1.010748278398181 -14.598596827375138
22 1.0086249553410715 -14.850762480987107
23 1.0308002528998914 -9.071332355326087
24 1.0165815932850444 -11.883593449770505
25 1.0165460820333385 -11.88797981259284
26 1.0162492865127648 -11.926596107010775
27 1.0216786690883888 -17.547231167546485
28 1.0206009276877623 -17.677937523378098
29 1.010004191621206 -17.342576993646198
30 1.00851650933298 -17.518819550212346
31 1.0347092429471951 -18.5539181906591
32 1.0345638710564322 -18.570969672244882
33 1.0116679656894567 -17.012884512572846
34 1.0112968797582043 -17.0565244291715
35 1.0199229517407191 -17.307567047580374
36 1.0193306584334698 -17.37624331560598
37 1.023910229940667 -2.710722824410504
38 1.023908272855843 -2.7109821966041125
39 1.033166094495019 -9.021537171741079
40 1.0267826551240684 -10.213313892361143
41 1.0258323347907778 -10.331741848476716
42 1.0273475620392358 -14.9531114027897
43 1.027287904470254 -14.960314881871724
44 1.0187549204762492 -12.36786154848747
45 1.0187216031820612 -12.372017577051428
46 1.0081431569143915 -14.27657265119431
47 1.007485824297287 -14.357224596241677
48 1.0216967095534575 -18.48130457210821
49 1.04 -18.334670951357808
50 1.0400000000000003 -18.296442131732064
51 1.0216910517463937 -18.481984168835357
52 1.0213503751618873 -18.52210169842526
53 1.0170150745539548 -16.01363793693534
54 1.016502039052002 -16.069196972304656
55 1.0268797358350492 -14.27703149513935
56 1.026846296417899 -14.28087435483715
57 1.0164561319344296 -10.360248323691655
58 1.0099139765809744 -13.177640044595531
59 1.0075975495109448 -13.469906282795032
60 1.0233786631637254 -10.749325681294794
61 1.0233757527760765 -10.74970267630521
62 1.0103171011908079 -15.414019574836892
63 1.0103171011908079 -15.414019574836892
64 1.009788151849551 -15.474516677829147
65 1.0306786261702834 -11.730495967562183
66 1.028502144110485 -13.41785107495503
67 1.0284329757519028 -13.425727004268039
68 1.0169825235155454 -14.748629163285814
69 1.0166928687847583 -14.784533469445204
70 1.0255813665960203 -15.756989024938047
71 1.0399999999999998 -15.679401535320874
72 1.0399999999999998 -15.617594015029352
73 1.0399999999999998 -15.588681725160063
74 1.027210288871549 -18.472575589214973
75 1.0271341469751716 -18.481739052455982
76 1.022401975960613 -1.8284049056861738
77 1.0222946200236 -1.8403211535802222
78 1.0176602097023437 -9.012492333964603
79 1.0176545938149155 -9.013148288440464
80 1.0345038768955113 -11.452026426013914
81 1.0296950777762406 -14.072978586401293
82 1.0400000000000003 -5.448813138401102
83 1.0122419598593655 -17.22489154434706
84 1.0112607279635577 -17.344681591086463
85 1.0282678088773816 -17.480370230442304
86 1.0279779608384003 -17.515910712626933
87 1.0115184730996032 -1.025836796059047
88 1.0114366959312031 -1.035846457595025
89 1.0184131751336167 -14.748633812614798
90 1.01832131853347 -14.76074931736081
91 1.01457631129254 -8.049932060210121
92 1.013588238611133 -8.175463750157574
93 1.0209695519216702 -8.42405823921087
94 1.0208974829340245 -8.433053891659808
95 1.0149251942207214 -8.032073000617457
96 1.0144453053649223 -8.090789922175658
97 1.0214729618571705 -18.745845934736533
98 1.0208791486980933 -18.82398956393625
99 1.0260814067312407 -10.392771429060256
100 1.0258691101132185 -10.418150978376323
101 1.0260676921217688 -10.3942780040857
102 1.017766869283219 -17.49306615882766
103 1.0171375740402258 -17.57274674674733
104 1.0208555074697243 -18.915987043314733
105 1.0195335656409295 -19.073937404619752
106 1.0225185273173623 -16.355557395909653
107 1.0222946004898126 -16.382341306143275
108 1.0189599230522526 -11.297039064108656
109 1.0182765525444133 -11.371506551229169
110 1.0324329064589537 -6.395699202456512
111 1.0315153974158944 -6.515261403251559
112 1.0160512565279436 -15.804262660981342
113 1.0153817606824218 -15.879545782529446
114 1.0215489447475963 -17.72858683199951
115 1.021479439599743 -17.737549629431506
116 1.0215060413265924 -17.73416094021693
117 1.023710449376222 -14.872474300119084
118 1.0235671065870808 -14.89025571424015
119 0.9987658250849891 -16.136579100262615
120 0.9983304691600204 -16.189516297967206
121 1.013501966654238 -16.873043329182327
122 1.0126671616470384 -16.9832226043888
123 1.0319146208896073 -4.383754724469798
124 1.029667745564145 -5.071046194062206
125 1.0319146208896073 -4.383754724469798
126 1.031914620889607 -4.383754724469798
127 1.0400000000000003 -0.24008088906060865
128 1.04 -3.0173321763452114
129 0.9971534385474836 -16.630898639349656
130 0.9955338439281146 -16.811742641035867
131 1.024027552165483 -10.634592578585579
132 1.0236240670088266 -10.681922319981135
133 1.0156941512894684 -7.983599866153262
134 1.0151317038286944 -8.053396548143128
135 1.015835742174507 -15.012585945381462
136 1.0154335156048175 -15.064812904684262
137 1.0190480330345866 -15.047525343607155
138 1.017833466072569 -15.205772336248057
139 1.0199304468062884 -11.235496991520602
140 1.0199268246059447 -11.235921443765566
141 1.0147438891690665 -4.254557965766
142 1.0121838369544727 -4.545591727848126
143 1.0234955530606251 4.684297036742749
144 1.0400000000000003 17.164550598688606
145 1.0399999999999998 7.379789504549236
146 1.029357938952906 -10.284394628653926
147 1.0192850809797644 -10.802897450311576
148 1.0183569833820894 -10.922611220265255
149 1.02653160846921 -14.990041671458913
150 1.0265072239331001 -14.992911514167185
151 1.0317754983139553 -9.188715260958862
152 1.031127741028871 -11.566093061125954
153 1.0298946375748816 -11.715423905599835
154 1.0142568978814166 -12.109217940725959
155 1.0133752222919947 -12.215900822178941
156 0.993616166445185 -15.690844454734762
157 0.9919598087777026 -15.90046795455943
158 1.0112981718121479 -16.3036683017022
159 1.0109285311336311 -16.351218186788152
160 1.0215436054841633 -16.440659206097585
161 1.021160234733721 -16.48940502970096
162 1.029570409218758 -10.244649069701449
163 1.0257036080756181 -11.054913188960496
164 1.024054932370261 -11.259114856747189
165 1.0320243159681393 -4.017674109482331
166 1.0267522272878342 -5.606048482617615
167 1.04 -1.7984432068125284
168 1.04 -0.35355928736887804
169 1.0400000000000003 1.2659960105109722
170 1.0144516383432733 -8.168045444389879
171 1.0142662053446658 -8.193111088014447
172 1.0157380721282578 -13.923099910780785
173 1.0156914274832751 -13.928242632465514
174 1.0156376199040877 -13.934795403405252
175 1.0363959918255576 -5.304275040129492
176 1.0275845046832297 -4.51734047368861
177 1.0274536642948386 -4.534021143738131
178 1.0274832983821194 -4.528332608015774
179 1.0048249565652119 -17.62568514020019
180 1.0046032756827055 -17.650695623271734
181 1.0275158353004907 -18.5110365567666
182 1.026206252691621 -18.67026563266878
183 1.0294913091277107 -8.035126609996002
184 1.0290968557187057 -8.081863279327813
185 1.0127084005979514 -9.77856966156935
186 1.0120895380222676 -9.852486841755148
187 1.0177543242923057 -15.015066339984529
188 1.0175905030442094 -15.033197831622271
189 1.0300407629511752 -18.716893347039377
190 1.0298368126126816 -18.73837234407306
191 1.0222326836183109 -17.20147959254831
192 1.021961067709381 -17.233770882238744
193 1.0172793119937629 -16.189381919258114
194 1.016796331290979 -16.246867136096856
195 1.0295912515589478 -10.287484387317633
196 1.0204948542517647 -12.474419290390669
197 1.04 -5.42172189800493
198 1.04 -7.8734682983307644
199 1.0191549996809663 -12.623269276449127
200 1.0211340185834488 -11.907511373919366
201 1.0210005825851822 -11.92212413511986
202 1.0121346376422278 -13.525429390200191
203 1.0120601294638678 -13.53446752661505
204 1.0114152082290013 -13.621066229651818
205 1.0240770281117302 -18.13934406475073
206 1.0240370183655503 -18.1440793372336
207 1.0237151447584318 -18.182844620763486
208 1.0164974059912995 -17.22204009274187
209 1.015305320124441 -17.379449536445406
210 1.007312783987343 -13.266609595080094
211 1.0067374257377608 -13.336366572559314
212 1.0216729611292734 -16.25484767909098
213 1.0201284385944585 -16.44337152404632
214 1.016099714208268 -15.983657239593926
215 1.0147671437711145 -16.15541618457911
216 1.016360757903355 -16.011374332918166
217 1.015581170101305 -16.10219241176719
218 1.0284457645687666 -17.05283770533725
219 1.028440719418092 -17.053469478635595
220 1.0374547843388258 -5.630176647328122
221 1.026312134288729 -8.738535242908382
222 1.0400000000000003 -5.571769380756506
223 1.0400000000000003 -5.3400409055043
224 1.04 -2.368797084485574
225 1.0399999999999998 -3.934315156934512
226 1.0149242674179744 -8.166001533271865
227 1.014840920179403 -8.17556488964003
228 1.0046663306648107 -10.790899801118037
229 1.003831189737517 -10.896363230285187
230 1.0241796199245798 -13.363350083719428
231 1.04 -13.086031625767548
232 1.0295175483356014 -11.36920981051678
233 1.0193587018647494 -14.797500226322317
234 1.018496305447335 -14.905641613001064
235 1.0311128126872562 -14.130475618700967
236 1.0242862850362553 -15.51014766415307
237 1.0242442065521251 -15.51483194552982
238 1.0198293822115467 -12.912785008255048
239 1.0192612298038426 -12.987886331174236
240 1.0252413783657655 -18.169391031532445
241 1.0249324898034327 -18.21071208509908
242 1.0206454984345055 -18.940124130332862
243 1.0194784910652166 -19.08531245576479
244 1.019510652798244 -14.062452898385612
245 1.0193435794002317 -14.081983644989622
246 1.0351867178823937 -8.808403102444696
247 1.030559865129052 -8.209324698099351
248 1.0351867178823937 -8.808403102444698
249 1.0351867178823937 -8.808403102444698
250 1.0351867178823937 -8.808403102444696
251 0.996408824854053 -15.642246806472247
252 0.9943807782198664 -15.895283269543505
253 1.0014904646225822 -15.555288882428245
254 1.001490464622582 -15.555288882428245
255 1.0014904646225822 -15.555288882428245
256 1.001490464622582 -15.555288882428243
257 1.0014904646225822 -15.555288882428245
258 1.0399999999999998 -15.477633080613737
259 1.001359526096536 -15.571162963280464
260 1.027609476370013 -5.432752683256982
261 1.0273441044282947 -5.464823250895942
262 1.028805715458914 -11.719148549994651
263 1.0229378520509425 -16.03246147852552
264 1.028805715458914 -11.719148549994651
265 1.0288057154589139 -11.719148549994651
266 1.022042029887944 -16.142622490809647
267 1.0181095912026157 -19.706586321030514
268 1.0164242834710073 -19.92975157879566
269 1.0199284905448174 -9.362102065311781
270 1.0198194715884392 -9.37642642006836
271 1.0305046991419338 -14.337535166221915
272 1.025571538793967 -16.23836095036681
273 1.0254202900589413 -16.258250646474036
274 1.0311516994238392 -7.149378920185828
275 1.0311516994238392 -7.149378920185828
276 1.017468727205902 -16.5537846845711
277 1.0174626942245688 -16.55457342530632
278 1.0173804923777023 -16.565628081925333
279 1.0063349971203412 -12.064721091872956
280 1.0060801263959909 -12.092500601818982
281 1.007171536321223 -16.892081507885106
282 1.0054092388578595 -17.122613094879547
283 1.0187537619113463 -16.09284615298432
284 1.018205117326668 -16.161669043312916
285 1.0236600785364862 -15.117639392553496
286 1.0235357970676402 -15.131600673266183
287 1.0150266374403445 -15.790470691904208
288 1.0141508867492592 -15.909585993508891
289 1.0207384905109542 -7.164511567989409
290 1.0206821690426966 -7.171942720948168
291 1.0079516588521125 -17.026408132225374
292 1.007842754716775 -17.03958054886998
293 1.0225780274849878 -16.315375701353442
294 1.0221963428971501 -16.35914031823105
295 1.0167634889163997 -13.385456645348182
296 1.0166526307428194 -13.39966675692333
297 1.025464493825567 -11.265820196166855
298 1.0251538823899224 -12.755140621063747
299 1.0249392441399854 -12.78286518124095
300 1.0240622719874664 -6.4697541099685
301 1.04 -6.369750361139871
302 1.04 -6.389041807106482
303 1.0226050559065962 -6.6512991573918425
304 1.0032143699270049 -16.35612511844351
305 1.04 -16.142383187706223
306 1.04 -16.07048809366323
307 1.0020947182453566 -16.500043786190272
308 1.0228472038782832 -15.600489192361737
309 1.0226949970387937 -15.619383093992083
310 1.0168215175726825 -17.915216923033448
311 1.016141645158205 -17.99839198195063
312 1.0214636754047974 -18.07231822622776
313 1.0212562100810625 -18.09831292811356
314 1.016906985918162 -14.259399437748412
315 1.0169012175271428 -14.260107441415183
316 1.0246171986395074 -4.376241714394545
317 1.0245628538509675 -4.382113087774314
318 1.0276863359971136 -5.557724198975147
319 1.0400000000000003 -3.8514261055121697
320 1.0104088499848396 -19.002917580176195
321 1.0080219413732403 -19.29499921555597
322 1.0062553533526903 -15.000953316919215
323 1.0055849031370376 -15.07615469745555
324 0.9989323936258736 -16.19158813599957
325 0.9973418272784128 -16.403953297628256
326 1.014597536421265 -17.71766990201287
327 1.0128908949533952 -17.922930551494392
328 1.0078671450483114 -13.449499524475941
329 1.0075149208289202 -13.491874444595773
330 1.0189186402118855 -11.346480670141654
331 1.0180148517371932 -11.464269356734105
332 1.0328920682138678 -8.97412888513423
333 1.0243324079796639 -10.55099892144713
334 1.0243249880814218 -10.55182478448593
335 1.0243196057013988 -10.552540467618844
336 1.0232404492465281 -6.8892175756487575
337 1.023151492860347 -6.90087237327262
338 1.0170064191113748 3.389144024187918
339 1.0158750452028147 3.2441796296568395
340 1.005940273681688 -12.791516752848382
341 1.0055439421280155 -12.842044944591239
342 1.0212634983997966 -16.07698719999459
343 1.0212255398042362 -16.081779674244114
344 1.0212253016941972 -16.08195820641554
345 1.0025795866458023 -17.945123123404205
346 1.0019106594091722 -18.027571983662455
347 0.997160513143785 -16.134006839355806
348 0.9959336440319366 -16.28178280718421
349 1.0313020230875147 -14.793335912046313
350 1.04 -14.237105355948067
351 1.0399999999999998 -14.553967952191728
352 1.0399999999999998 -14.258149978368778
353 1.04 -11.95476266887974
354 1.022660577601715 -12.271093424739131
355 1.0223300742347512 -12.310224889212337
356 1.013642031808551 -17.986765061241453
357 1.0128339937260438 -18.0887111973681
358 1.0194474958643382 -18.458857947809964
359 1.0192176883391484 -18.48562309669718
360 1.0071331462751079 -13.670085824005087
361 1.0071331462751076 -13.670085824005088
362 1.0071331462751079 -13.670085824005088
363 1.0071331462751079 -13.670085824005087
364 1.0066905248271318 -13.728929887533587
365 1.008545254161032 -16.981976099411806
366 1.00765438275801 -17.1020815397803
367 1.01703142431607 -8.268647017662007
368 1.0168766407268566 -8.288169762479834
369 1.0205149281254218 -7.048612736582778
370 1.0200306350413026 -7.105672577051578
371 1.0287092638874 -11.082789058829048
372 1.0203759904773329 -14.351855479508991
373 1.0199714893070424 -14.399889434289502
374 1.005663934040175 -17.47034815354407
375 1.0053426842888302 -17.510679558422638
376 1.011782931762662 -12.438660637889983
377 1.010529722950233 -12.601801884792138
378 1.0263665019674504 -5.897376298553479
379 1.0261628896213653 -5.923299417148871
380 1.0167797723471028 -11.59482810918808
381 1.016631595436174 -11.614197409673057
382 1.0159334829287794 -18.01401708599498
383 1.0154924725835972 -18.071044540167097
384 1.0078803319581318 -15.539429891517502
385 1.0073679787271956 -15.60135704934525
386 1.0289277804001475 -5.2402915583784715
387 1.0236608779203524 -7.025109820858784
388 1.0289277804001475 -5.2402915583784715
389 1.0289277804001478 -5.240291558378469
390 1.028927780400148 -5.240291558378469
391 1.0289277804001478 -5.2402915583784715
392 1.0289277804001478 -5.2402915583784715
393 1.0289277804001478 -5.2402915583784715
394 1.0289277804001478 -5.2402915583784715
395 1.028927780400148 -5.240291558378469
396 1.0289277804001458 -5.2402915583784635
397 1.023115778209821 -7.094243888318103
398 1.0234117003242127 -7.051895069975086
399 1.02447185684806 -16.207102043887684
400 1.0240775831295896 -16.254646084814897
401 1.0128815375247582 0.2460786893319465
402 1.0115657902794384 0.06941809019569624
403 1.0244804171770965 -15.408553887838927
404 1.0241829114402128 -15.444201626155763
405 1.0206147424005034 -7.1062121312666475
406 1.0205359963324232 -7.1160181378896326
407 1.035466234166397 -12.513556366660808
408 1.0293103769461638 -14.658488988952683
409 1.035466234166397 -12.513556366660808
410 1.0400000000000003 -10.77398328473889
411 1.04 -11.522508890526957
412 1.04 -11.377267704609201
413 1.0400000000000005 -11.222925477215085
414 1.035466234166397 -12.513556366660808
415 1.0100807819571251 -16.678596710345733
416 1.0099875440994395 -16.69116939836465
417 1.0044433406501505 -14.883683523454291
418 1.003435892009908 -15.004611818813604
419 1.019340358454408 -17.98484940499746
420 1.0192600374640943 -17.99523227951242
421 1.0138099452787286 -13.500035768651975
422 1.01310197641652 -13.580641960676449
423 1.0068397693598101 -0.6542993117682853
424 1.0041427293177587 -0.9820702676715203
425 1.0251871154233825 -11.567498114962515
426 1.0246532750422386 -13.995736914588253
427 1.0244442214300953 -14.018159657225372
428 1.034692917831792 -8.756400523477302
429 1.024508955720364 -10.581378186580139
430 1.0400000000000003 -8.728008610375289
431 1.04 -8.695313380272061
432 1.04 -8.738242061326286
433 1.04 -8.434403141352321
434 1.04 -8.708450873115309
435 1.0346929178317914 -8.7564005234773
436 1.0346929178317916 -8.756400523477302
437 1.04 -6.824185374897085
438 1.0400000000000003 -6.326628214643444
439 1.0400000000000003 -7.235675757526025
440 1.0211682470852483 -9.77081328456359
441 1.0125456060836449 -13.942511175670887
442 1.0211682470852483 -9.77081328456359
443 1.0211682470852483 -9.77081328456359
444 1.0211682470852483 -9.77081328456359
445 1.0104034963740924 -11.200923740121622
446 1.0089621213942237 -11.370278031802938
447 1.016842016449933 -11.80974236655959
448 1.0159320919273773 -11.927477592599404
449 1.0157493254162988 -11.82894944687413
450 1.015733769782211 -11.830936401622528
451 1.0157193518946415 -11.832698130920104
452 1.0211444615529848 -0.5484239234103212
453 1.031325735447775 -11.521293081991068
454 1.0155348182026513 -15.909072796218291
455 1.04 -10.951852995671802
456 1.04 -10.334256744822564
457 1.0218074157966834 -13.399185630774324
458 1.0218074157966834 -13.399185630774324
459 1.016182082442982 2.9106392163776316
460 1.0083900613352865 -12.765632786520257
461 1.0055631147347424 -11.191014801128933
462 1.0235497368829032 -11.284237411587668
463 1.0235497368829032 -11.284237411587666
464 1.0320116673044997 -9.062158107439117
465 1.0275779354933874 -10.26768340728562
466 1.0225943962785051 -10.868490996909353
467 1.0176882975608401 -8.39858639897075
468 1.008144828381415 -11.386328186724002
469 0.9969573692889058 -15.260600629315507
470 1.01891661864868 -7.995777309389593
471 1.0327579360956567 -8.786098723412481
472 1.0255964015822385 -10.302573056310996
473 1.0191350152556724 -7.480953142607904
474 0.990153948486696 -15.423810995371454
475 1.0196710735419217 -10.122102773246342
476 1.0174673199028392 -16.237722333975878
477 1.0173735173649832 -12.854137040771729
478 1.025233264197029 -8.241328800653537
479 1.0338195965807568 -10.718908527546706
480 1.04 -8.848864883956779
481 1.0399999999999998 -9.405195799931548
482 1.0400000000000003 -9.968119952966388
483 1.0400000000000003 -9.441937941566033
484 1.0400000000000003 -9.908542813587394
485 1.0128161854086808 -16.68123271801488
486 1.015580789792731 -15.903320646761424
487 1.0248297102669701 -17.04455402904989
488 0.9964758870490849 -15.061458072769407
489 1.0260258157887412 -15.051271634080736
490 1.0236186435702366 -15.571397251958603
491 1.0172075675182417 -17.821433082901358
492 1.016643108380731 -7.807391197019916
493 1.0211621106780024 -10.197207359602869
494 1.0211621106780022 -10.19720735960287
495 1.0132900949888255 -12.192679879777375
496 1.0204597782951708 3.1643532248045325
497 1.04 5.235904318849865
498 1.0400000000000003 4.270316891236903
499 1.0046703595879094 -17.707651417662166
500 1.0251640253537049 -15.076685951105818
